   6.0000000e+01   5.9844583e-03   2.2555610e-02   2.5594753e-02   0.0000000e+00
   6.1000000e+01   4.7619138e-03   2.3617554e-02   2.6862225e-02   0.0000000e+00
   6.2000000e+01  -1.5559859e-02   2.2979052e-02   2.6166353e-02   0.0000000e+00
   6.3000000e+01   2.4096397e-03   1.6609835e-02   1.9116414e-02   0.0000000e+00
   6.4000000e+01  -9.6735942e-03   2.3709796e-02   2.6895603e-02   0.0000000e+00
   6.5000000e+01   2.4271857e-03   1.8260301e-02   2.0895455e-02   0.0000000e+00
   6.6000000e+01   1.2113872e-03   2.3079601e-02   2.6194638e-02   0.0000000e+00
   6.7000000e+01  -3.6385728e-03   2.1771446e-02   2.4756427e-02   0.0000000e+00
   6.8000000e+01  -1.2158056e-03   2.0159191e-02   2.2947370e-02   0.0000000e+00
   6.9000000e+01  -3.6563112e-03   2.1314339e-02   2.4213795e-02   0.0000000e+00
   7.0000000e+01  -4.8959706e-03   2.0320870e-02   2.3120087e-02   0.0000000e+00
   7.1000000e+01   3.6742234e-03   2.0094892e-02   2.2941190e-02   0.0000000e+00
   7.2000000e+01   8.5210497e-03   2.3082090e-02   2.6241124e-02   0.0000000e+00
   7.3000000e+01  -1.8349139e-02   2.4641448e-02   2.7920741e-02   0.0000000e+00
   7.4000000e+01   4.9261183e-03   1.5770481e-02   1.8203323e-02   0.0000000e+00
   7.5000000e+01   1.2277472e-03   2.4835166e-02   2.8160587e-02   0.0000000e+00
   7.6000000e+01  -1.2345836e-02   2.1656049e-02   2.4633993e-02   0.0000000e+00
   7.7000000e+01   1.2414651e-03   1.7658647e-02   2.0255767e-02   0.0000000e+00
   7.8000000e+01  -4.9751346e-03   2.2937550e-02   2.6041016e-02   0.0000000e+00
   7.9000000e+01   4.9751346e-03   1.9724828e-02   2.2462258e-02   0.0000000e+00
   8.0000000e+01  -1.2414651e-03   2.3578750e-02   2.6748221e-02   0.0000000e+00
   8.1000000e+01  -7.4813317e-03   2.0721355e-02   2.3600819e-02   0.0000000e+00
   8.2000000e+01  -5.0188311e-03   1.9142865e-02   2.1843948e-02   0.0000000e+00
   8.3000000e+01  -5.0441469e-03   2.0413994e-02   2.3309869e-02   0.0000000e+00
   8.4000000e+01  -8.8889474e-03   2.0128087e-02   2.3003970e-02   0.0000000e+00
   8.5000000e+01   8.8889474e-03   1.9006311e-02   2.1821783e-02   0.0000000e+00
   8.6000000e+01   1.0062978e-02   2.5319968e-02   2.8868013e-02   0.0000000e+00
   8.7000000e+01  -7.5377241e-03   2.5103550e-02   2.8675867e-02   0.0000000e+00
   8.8000000e+01  -5.0569008e-03   1.8305511e-02   2.1123616e-02   0.0000000e+00
   8.9000000e+01   7.5757938e-03   2.0394147e-02   2.3300050e-02   0.0000000e+00
   9.0000000e+01   0.0000000e+00   2.4584380e-02   2.7961445e-02   0.0000000e+00
   9.1000000e+01  -5.0441469e-03   2.0923802e-02   2.3973318e-02   0.0000000e+00
   9.2000000e+01  -3.7998779e-03   1.9567731e-02   2.2526656e-02   0.0000000e+00
   9.3000000e+01  -3.8143721e-03   2.0327517e-02   2.3472924e-02   0.0000000e+00
   9.4000000e+01  -1.9293203e-02   2.0201817e-02   2.3331151e-02   0.0000000e+00
   9.5000000e+01   5.1813587e-03   1.6427294e-02   1.9217248e-02   0.0000000e+00
   9.6000000e+01   4.7928467e-02   2.4890921e-02   2.8497902e-02   0.0000000e+00
   9.7000000e+01  -1.2391732e-02   4.6024518e-02   5.2909871e-02   0.0000000e+00
   9.8000000e+01   2.4906613e-03   1.8469867e-02   2.1632167e-02   0.0000000e+00
   9.9000000e+01  -2.4906613e-03   2.3333623e-02   2.6984791e-02   0.0000000e+00
   1.0000000e+02   2.0975476e-02   2.0205273e-02   2.3378794e-02   0.0000000e+00
